4,0,20
0,34,125
0,178,98
0,493,62
505,0,115
0,898,94
898,0,94
0,1243,136
0,1366,117
0,1375,67
1375,0,67
0,1909,116
0,2092,61
2092,0,61
5,1,87
1,41,133
98,1,83
1,104,120
1,134,93
1,146,85
179,1,132
212,1,67
1,380,102
1,389,115
1,404,62
404,1,62
1,542,128
578,1,95
1,659,87
659,1,87
857,1,120
935,1,59
1,1085,63
1,1121,25
1175,1,44
1,1193,74
1193,1,74
1268,1,100
1,1289,100
1289,1,100
1,1373,94
1,1481,59
1481,1,59
1,1571,124
1571,1,124
1658,1,108
1679,1,140
1727,1,27
1,1760,96
1787,1,57
1859,1,98
1889,1,139
1,2003,64
2213,1,86
1,2378,58
1,2393,114
1,2474,72
2474,1,72
133,2,136
172,2,128
2,217,93
2,241,110
2,442,131
2,511,70
2,661,92
715,2,74
2,733,140
2,751,137
769,2,56
2,853,75
2,865,115
895,2,125
2,928,105
2,1012,127
2,1024,139
2,1171,103
1171,2,103
1228,2,111
1234,2,90
1471,2,44
1498,2,125
2,1552,105
1681,2,20
1714,2,43
2,1774,53
1792,2,101
1906,2,105
2,1921,63
1921,2,63
1951,2,84
1966,2,76
2002,2,136
2,2011,92
2,2023,130
2,2032,70
2101,2,141
2,2227,73
2,2233,68
2,2248,141
2248,2,141
2,2374,112
2374,2,112
2,2413,57
2413,2,57
2422,2,128
136,3,103
3,145,90
145,3,90
313,3,127
439,3,46
3,535,91
535,3,91
544,3,115
601,3,129
610,3,91
3,616,57
616,3,57
3,625,63
625,3,63
3,847,73
847,3,73
3,850,38
3,901,82
901,3,82
3,940,42
940,3,42
1036,3,109
3,1108,137
1174,3,114
3,1351,80
3,1357,60
3,1381,84
3,1384,124
3,1429,20
1429,3,20
1432,3,75
3,1450,122
3,1534,123
3,1540,102
1540,3,102
3,1555,88
1555,3,88
3,1561,135
3,1642,127
1795,3,114
1837,3,126
1864,3,30
3,1948,67
1948,3,67
3,2038,103
3,2062,71
2062,3,71
2137,3,99
3,2230,124
2260,3,140
3,2332,69
2341,3,70
3,2362,117
2425,3,109
4,317,109
317,4,109
368,4,20
4,470,89
4,560,124
4,875,118
4,929,114
4,1796,103
4,1949,13
1949,4,13
4,2012,122
2276,4,119
4,2324,73
2420,4,117
5,22,115
5,193,85
5,238,14
238,5,14
5,298,57
5,316,56
337,5,125
5,367,111
5,481,77
595,5,141
634,5,139
5,763,6
5,784,127
796,5,58
5,826,55
838,5,115
5,856,34
5,877,83
5,934,100
934,5,100
5,955,20
955,5,20
982,5,139
985,5,26
5,1126,108
5,1138,126
5,1183,89
5,1198,73
1198,5,73
1210,5,66
1222,5,136
5,1249,115
1330,5,132
5,1426,126
1483,5,91
1492,5,74
5,1564,31
1606,5,49
1780,5,110
5,1789,140
1810,5,98
5,1924,77
1963,5,131
1972,5,27
2014,5,88
5,2104,125
2152,5,133
2179,5,76
5,2296,108
5,2317,112
2317,5,112
5,2338,60
2338,5,60
5,2479,47
2479,5,47
6,46,103
67,6,134
6,76,137
6,157,57
6,196,66
268,6,35
6,352,79
352,6,79
412,6,64
6,427,63
460,6,84
6,469,133
6,655,101
6,670,74
697,6,138
712,6,79
6,772,74
814,6,133
6,892,118
892,6,118
904,6,34
958,6,122
6,1045,65
6,1060,68
1084,6,72
1108,6,130
6,1204,140
1204,6,140
1225,6,122
6,1240,112
1240,6,112
1276,6,98
1294,6,119
6,1318,88
1318,6,88
6,1378,112
6,1459,69
6,1537,66
1537,6,66
6,1576,48
1576,6,48
6,1579,83
1579,6,83
6,1717,107
1717,6,107
1846,6,141
6,1876,112
6,1885,134
6,1975,6
1975,6,6
6,2035,103
2035,6,103
6,2116,70
6,2122,94
2146,6,97
2188,6,119
6,2287,116
2308,6,23
2452,6,124
6,2467,117
7,8,112
7,59,127
107,7,58
7,125,48
7,254,92
263,7,102
7,269,57
7,548,120
7,587,81
7,596,53
596,7,53
7,719,59
7,776,119
7,869,23
7,896,75
896,7,75
920,7,119
7,1025,45
1025,7,45
7,1055,107
1070,7,79
7,1166,72
7,1247,59
7,1388,107
1439,7,107
7,1496,42
1496,7,42
1541,7,89
7,1589,65
7,1592,70
7,1628,49
1640,7,76
7,1652,128
1715,7,56
7,1793,101
7,2015,85
2015,7,85
7,2018,127
2045,7,107
7,2069,93
7,2123,62
2186,7,73
2228,7,113
7,2357,122
2363,7,133
2492,7,77
8,49,125
49,8,125
8,106,130
148,8,52
8,169,56
256,8,5
8,283,111
8,415,41
8,487,133
520,8,94
8,562,91
8,619,61
619,8,61
622,8,92
631,8,69
748,8,46
8,886,89
886,8,89
8,916,108
967,8,129
1006,8,37
8,1015,59
1015,8,59
1066,8,108
1069,8,98
1081,8,123
1153,8,37
8,1495,130
8,1501,141
1501,8,141
1507,8,132
8,1510,4
1597,8,42
8,1609,51
1627,8,127
8,1633,72
8,1654,126
1663,8,115
8,1738,137
1738,8,137
8,1825,37
1825,8,37
8,1867,47
1882,8,124
8,1900,52
1900,8,52
8,2098,45
8,2125,46
8,2245,57
8,2335,102
2335,8,102
2410,8,122
8,2485,29
8,2491,132
73,9,120
9,109,136
9,172,141
172,9,141
190,9,69
241,9,81
9,259,79
9,331,116
361,9,139
9,511,138
9,658,121
9,661,131
661,9,131
9,664,23
664,9,23
676,9,120
754,9,98
9,841,106
841,9,106
862,9,96
9,865,136
946,9,48
9,970,25
970,9,25
1093,9,47
9,1102,46
9,1162,10
1162,9,10
1171,9,117
9,1339,49
1339,9,49
9,1387,110
1390,9,46
1423,9,53
9,1813,89
1813,9,89
9,1822,120
9,1912,97
1912,9,97
1930,9,79
1963,9,129
9,1966,113
2002,9,74
9,2008,32
2020,9,96
2032,9,123
2050,9,68
2053,9,86
2065,9,122
9,2083,92
2200,9,63
2242,9,32
9,2404,92
2434,9,119
9,2455,110
2455,9,110
2497,9,94
10,32,73
10,224,134
224,10,134
245,10,133
260,10,59
293,10,109
10,302,123
10,305,30
305,10,30
10,398,79
10,569,87
569,10,87
10,581,96
581,10,96
599,10,85
10,617,104
689,10,90
10,779,132
794,10,29
839,10,65
10,848,94
848,10,94
899,10,113
10,902,60
10,905,54
905,10,54
923,10,75
950,10,96
10,992,99
998,10,49
10,1010,124
1010,10,124
10,1067,93
1067,10,93
10,1073,52
1073,10,52
10,1088,66
1088,10,66
1091,10,132
10,1172,133
1172,10,133
1529,10,135
10,1538,139
1538,10,139
1547,10,75
10,1682,22
10,1718,56
10,1751,75
1805,10,26
10,1808,104
1808,10,104
10,1820,121
1820,10,121
10,1844,112
1913,10,94
10,2030,113
2030,10,113
10,2156,134
2162,10,73
10,2192,139
10,2252,17
10,2330,100
2333,10,138
2402,10,79
10,2408,45
2408,10,45
10,2417,138
2435,10,97
2450,10,63
11,139,70
11,187,131
11,205,132
11,250,77
11,301,102
802,11,72
11,811,126
952,11,83
11,1273,67
11,1342,132
1417,11,76
11,1567,113
1570,11,126
1600,11,139
1612,11,141
1768,11,119
1798,11,95
1969,11,51
1981,11,75
11,2113,130
2119,11,121
2143,11,82
11,2221,118
11,2269,124
11,2272,129
12,28,124
28,12,124
175,12,49
199,12,121
12,262,36
274,12,123
12,304,80
12,319,87
328,12,57
12,358,98
472,12,103
12,550,32
550,12,32
12,592,98
12,640,48
12,751,141
760,12,94
12,808,141
12,835,92
835,12,92
12,913,136
913,12,136
12,949,89
12,1033,84
12,1075,133
12,1105,44
1114,12,86
12,1144,27
1144,12,27
1177,12,140
12,1180,121
1180,12,121
12,1216,105
1216,12,105
12,1258,129
1261,12,55
12,1333,138
12,1438,109
1438,12,109
1582,12,102
12,1639,71
1648,12,57
1672,12,121
12,1705,115
1705,12,115
1741,12,82
12,1744,26
1771,12,17
12,1783,123
1783,12,123
1816,12,104
12,1894,76
12,1897,46
1939,12,128
1993,12,117
12,2041,81
2041,12,81
12,2170,122
12,2185,112
12,2206,140
12,2257,37
12,2293,103
12,2326,34
12,2356,74
12,2359,97
2473,12,109
13,17,134
32,13,141
35,13,133
38,13,110
13,80,80
80,13,80
13,116,95
13,224,98
13,239,123
260,13,125
13,347,106
446,13,31
13,485,66
617,13,91
623,13,76
13,647,50
647,13,50
698,13,130
13,701,97
701,13,97
713,13,140
13,779,51
806,13,50
839,13,107
13,899,136
980,13,119
1010,13,81
1043,13,112
13,1172,90
13,1283,135
1283,13,135
13,1292,122
1292,13,122
1313,13,110
13,1355,137
1355,13,137
13,1406,101
1412,13,63
13,1469,105
13,1487,135
1529,13,38
1568,13,59
1631,13,56
13,1634,75
1634,13,75
1751,13,101
13,1772,100
1772,13,100
13,1877,98
13,1880,138
1880,13,138
1913,13,88
13,1931,87
1931,13,87
13,1934,141
13,2102,112
2102,13,112
13,2162,125
13,2300,65
13,2423,67
2426,13,104
13,2429,52
2429,13,52
14,22,24
14,55,64
55,14,64
124,14,46
14,160,61
160,14,61
14,163,129
14,208,31
208,14,31
14,238,107
14,244,46
14,316,67
14,349,119
349,14,119
14,367,32
14,373,129
14,424,90
424,14,90
14,502,134
14,508,56
14,556,116
595,14,75
14,634,129
14,709,75
709,14,75
14,763,119
14,796,74
796,14,74
14,805,134
805,14,134
826,14,125
856,14,94
14,868,121
934,14,26
14,955,103
955,14,103
14,982,25
982,14,25
985,14,135
14,991,121
14,1063,54
1063,14,54
1138,14,140
14,1201,88
1210,14,105
14,1222,84
1312,14,102
14,1363,61
14,1399,125
1483,14,136
14,1492,49
14,1564,107
1606,14,83
14,1729,131
14,1765,61
1765,14,61
14,1807,125
14,1834,121
1924,14,92
14,1972,95
1972,14,95
1999,14,139
14,2014,117
2014,14,117
2080,14,139
14,2089,136
2089,14,136
14,2104,117
14,2176,123
14,2179,51
2182,14,126
2284,14,61
14,2320,106
14,2353,135
2458,14,57
14,2479,96
14,2494,86
91,15,118
15,184,32
184,15,32
226,15,58
232,15,55
15,325,106
325,15,106
15,370,83
15,382,125
589,15,47
628,15,133
733,15,95
829,15,129
844,15,11
15,871,24
871,15,24
15,988,135
988,15,135
15,1012,67
15,1024,128
1024,15,128
15,1039,50
15,1123,21
1147,15,96
15,1165,34
1234,15,111
15,1309,96
1309,15,96
15,1315,55
1315,15,55
15,1336,122
1336,15,122
1405,15,81
15,1456,60
1456,15,60
15,1465,140
1468,15,121
1573,15,21
15,1585,48
1585,15,48
15,1618,84
1618,15,84
1651,15,53
15,1675,128
1675,15,128
15,1696,85
1696,15,85
15,1732,135
15,1777,125
15,1855,112
1858,15,136
15,1906,95
1945,15,43
1951,15,105
15,2134,122
2140,15,42
15,2218,139
2218,15,139
2227,15,133
15,2233,126
2233,15,126
15,2290,72
2350,15,111
2368,15,98
15,2386,47
2386,15,47
2416,15,138
2464,15,108
15,2476,98
2476,15,98
32,16,101
131,16,71
16,245,40
16,305,117
16,581,43
16,614,81
614,16,81
740,16,17
794,16,105
16,848,130
848,16,130
16,899,107
16,902,76
902,16,76
16,905,88
905,16,88
16,992,72
16,998,120
1073,16,84
16,1133,102
1151,16,127
16,1376,104
1637,16,11
1682,16,138
16,1805,125
1808,16,97
1820,16,17
16,1844,119
1844,16,119
1958,16,121
2030,16,69
2192,16,75
16,2330,57
2330,16,57
2333,16,61
2417,16,113
2435,16,39
16,2441,130
2441,16,130
16,2450,89
2477,16,129
64,17,75
271,17,87
17,298,88
17,334,86
334,17,86
17,361,45
17,376,83
376,17,83
481,17,65
17,676,62
754,17,136
17,763,136
17,826,104
862,17,91
994,17,25
1183,17,135
1210,17,123
17,1249,47
17,1327,31
1330,17,116
1423,17,130
17,1426,19
17,1444,42
1444,17,42
1483,17,97
1753,17,111
17,1786,83
17,1789,91
1801,17,67
17,1813,95
1819,17,123
17,1840,140
17,1873,140
17,1912,130
1924,17,137
17,2014,117
2065,17,65
17,2152,95
2152,17,95
17,2167,72
17,2296,54
2317,17,60
17,2329,36
2371,17,60
2479,17,135
18,25,119
18,43,140
43,18,140
18,121,21
18,154,88
160,18,140
18,244,137
244,18,137
18,265,141
265,18,141
18,292,135
18,310,120
18,400,138
400,18,138
18,451,106
451,18,106
18,454,141
454,18,141
18,463,117
502,18,109
18,541,104
637,18,95
673,18,52
691,18,136
18,706,13
18,718,14
18,736,99
736,18,99
868,18,93
943,18,50
973,18,120
991,18,65
18,1063,129
18,1078,118
1087,18,26
1156,18,123
18,1201,138
1201,18,138
18,1213,40
18,1231,79
18,1252,120
1297,18,123
18,1324,88
18,1360,119
18,1393,117
18,1414,63
1414,18,63
1603,18,111
18,1645,100
1702,18,141
1729,18,119
1804,18,113
18,1999,120
18,2176,88
2176,18,88
2182,18,106
18,2254,119
18,2299,130
18,2314,104
2314,18,104
2353,18,92
2458,18,128
18,2470,80
18,2494,100
38,19,109
19,116,99
116,19,99
218,19,90
233,19,44
239,19,48
19,500,17
19,647,121
19,698,54
698,19,54
19,713,129
713,19,129
956,19,113
19,980,78
19,1004,129
19,1127,110
1127,19,110
1283,19,55
19,1292,49
1367,19,121
1412,19,110
19,1415,41
1454,19,106
19,1532,71
1568,19,118
1610,19,118
19,1631,115
19,1670,81
1670,19,81
19,1709,77
1709,19,77
1772,19,128
1931,19,134
19,1934,137
1934,19,137
19,2138,50
19,2165,85
2165,19,85
19,2222,97
19,2300,107
19,2429,132
20,64,86
20,220,106
220,20,106
271,20,100
20,298,141
298,20,141
20,334,63
20,361,33
20,376,120
406,20,117
481,20,111
676,20,48
20,754,85
862,20,80
946,20,127
20,994,57
20,1102,120
20,1249,101
20,1327,25
20,1390,132
1423,20,103
1426,20,74
20,1444,63
20,1531,129
20,1753,129
20,1786,44
1786,20,44
1789,20,138
20,1801,99
20,1813,66
1828,20,109
20,1840,117
20,1873,91
1912,20,131
20,2008,126
20,2050,141
20,2065,34
20,2083,120
20,2167,71
2167,20,71
2296,20,108
20,2317,85
2317,20,85
20,2329,74
20,2371,77
109,21,11
181,21,104
21,190,81
190,21,81
21,259,138
301,21,110
21,331,134
21,391,102
21,406,92
21,532,102
532,21,102
21,658,64
658,21,64
754,21,105
802,21,114
811,21,84
880,21,116
907,21,131
931,21,39
21,946,101
21,952,105
961,21,27
970,21,132
1093,21,101
21,1102,110
1162,21,140
21,1195,93
1237,21,106
1264,21,43
1339,21,99
1387,21,36
21,1390,100
21,1417,110
1486,21,134
1531,21,83
21,1567,106
1567,21,106
21,1612,116
1612,21,116
1723,21,108
21,1768,132
1768,21,132
1798,21,111
1822,21,40
1849,21,45
21,1969,138
21,1981,120
21,2008,122
21,2020,123
2020,21,123
21,2050,75
2083,21,72
2143,21,111
21,2200,85
2221,21,80
21,2269,69
21,2311,97
21,2389,121
2404,21,51
2428,21,87
21,2434,52
21,2455,35
2455,21,35
21,2497,135
22,260,112
281,22,105
22,389,139
389,22,139
22,398,83
452,22,130
22,485,128
485,22,128
22,542,83
22,623,96
623,22,96
22,839,130
839,22,130
860,22,94
22,923,123
950,22,79
22,1067,113
22,1088,107
22,1091,94
1172,22,82
1193,22,141
22,1355,36
1373,22,125
22,1424,115
1424,22,115
22,1436,118
1487,22,42
22,1547,102
1547,22,102
22,1718,108
1718,22,108
1751,22,118
1889,22,75
1892,22,92
22,1913,108
22,1922,72
2027,22,140
22,2102,107
2108,22,66
22,2156,26
22,2162,94
22,2204,100
22,2237,141
22,2285,106
22,2315,128
2393,22,105
22,2402,113
2402,22,113
2408,22,126
2411,22,17
22,2423,127
52,23,82
23,94,96
23,97,110
23,103,48
23,130,63
130,23,63
23,214,131
23,394,70
394,23,70
397,23,75
526,23,72
23,568,117
23,577,115
577,23,115
643,23,80
23,652,104
23,679,60
23,682,83
682,23,83
23,697,117
700,23,135
23,703,81
703,23,81
814,23,135
859,23,98
919,23,40
23,976,122
1003,23,72
1018,23,73
23,1129,113
23,1321,140
1321,23,140
1348,23,96
1369,23,61
1408,23,69
1411,23,16
23,1420,87
1435,23,57
23,1477,99
23,1513,82
1513,23,82
23,1525,118
1525,23,118
1615,23,33
1669,23,77
1687,23,111
23,1699,74
1762,23,53
23,1843,65
1879,23,86
23,1915,59
1957,23,137
23,2005,22
23,2128,61
2128,23,61
23,2158,27
23,2164,78
2164,23,78
23,2239,132
2239,23,132
23,2347,108
23,2383,94
23,2395,76
2407,23,81
24,37,138
37,24,138
61,24,43
24,142,22
154,24,110
24,265,56
265,24,56
24,295,115
295,24,115
24,310,76
24,436,105
454,24,53
24,541,89
541,24,89
553,24,53
24,583,128
24,637,97
646,24,122
24,736,94
736,24,94
757,24,101
793,24,28
24,973,121
973,24,121
1030,24,102
1048,24,63
24,1135,87
24,1252,133
24,1285,69
1297,24,70
24,1345,135
1345,24,135
24,1393,112
1393,24,112
1504,24,85
24,1630,71
1678,24,117
24,1759,58
1759,24,58
1852,24,92
1984,24,113
24,1987,75
1987,24,75
24,2254,73
24,2302,87
2302,24,87
24,2365,92
24,2401,139
32,25,107
25,101,110
25,260,61
260,25,61
293,25,77
25,302,109
302,25,109
305,25,64
398,25,55
452,25,139
503,25,114
569,25,72
581,25,124
25,599,60
617,25,132
689,25,77
794,25,61
25,839,79
25,848,94
902,25,90
905,25,79
25,923,40
25,950,65
25,992,134
25,998,58
1067,25,58
1073,25,81
1088,25,34
1091,25,98
25,1172,131
1172,25,131
1220,25,129
1355,25,141
1436,25,110
1538,25,105
1547,25,43
1682,25,28
25,1718,31
1718,25,31
25,1751,84
1751,25,84
25,1805,59
1808,25,138
25,1844,118
1913,25,100
1922,25,123
25,2030,133
25,2156,112
2162,25,68
25,2252,28
2285,25,120
25,2330,135
2402,25,44
25,2408,12
2408,25,12
2435,25,127
2450,25,98
26,52,78
52,26,78
76,26,99
94,26,71
97,26,64
26,103,96
130,26,63
26,214,133
26,229,122
229,26,122
26,340,112
340,26,112
26,394,52
394,26,52
26,397,71
26,412,138
412,26,138
26,457,108
526,26,115
26,568,120
26,643,113
26,652,103
26,679,108
679,26,108
682,26,90
697,26,63
26,703,44
26,814,82
814,26,82
859,26,57
26,919,41
26,976,106
26,1003,120
26,1018,89
1018,26,89
26,1045,137
26,1129,63
1318,26,136
26,1321,90
1321,26,90
1348,26,69
1369,26,27
1408,26,40
1411,26,70
26,1420,48
1435,26,79
1513,26,99
26,1525,80
26,1615,60
1615,26,60
1669,26,128
1687,26,82
26,1699,128
1717,26,140
1762,26,39
26,1843,98
26,1879,43
26,1903,122
1903,26,122
1915,26,84
26,1957,105
1957,26,105
26,1996,141
26,2005,45
2005,26,45
26,2128,69
26,2158,53
26,2164,33
26,2239,102
26,2287,126
2347,26,63
26,2383,125
26,2395,63
2395,26,63
2407,26,119
26,2467,92
2467,26,92
109,27,65
139,27,93
27,181,65
27,187,104
27,190,132
27,250,99
250,27,99
301,27,53
27,391,116
391,27,116
27,406,126
406,27,126
532,27,116
27,658,96
658,27,96
802,27,75
27,811,82
27,880,122
880,27,122
27,907,106
907,27,106
931,27,53
27,952,58
961,27,33
1195,27,92
27,1237,81
1237,27,81
1264,27,16
1273,27,93
27,1342,88
27,1354,116
1354,27,116
1387,27,93
1417,27,69
1486,27,108
1531,27,114
1567,27,49
27,1612,63
1723,27,76
1756,27,141
27,1768,76
27,1798,55
27,1822,93
27,1849,59
27,1969,90
1969,27,90
27,1981,69
27,2050,132
27,2083,127
2095,27,110
2113,27,127
27,2143,83
2143,27,83
2200,27,137
2221,27,25
27,2269,59
27,2272,112
27,2311,55
2311,27,55
27,2389,85
2389,27,85
2404,27,105
27,2428,105
27,2434,89
27,2455,92
50,28,107
28,221,91
242,28,130
28,266,25
266,28,25
28,329,63
341,28,116
371,28,53
28,437,85
28,506,95
506,28,95
28,509,125
28,518,116
28,533,137
608,28,60
686,28,80
28,722,129
791,28,79
863,28,107
872,28,47
28,878,125
971,28,32
28,974,131
28,1013,96
1022,28,117
28,1028,29
1028,28,29
28,1034,97
28,1103,104
28,1106,130
1106,28,130
28,1115,99
28,1280,130
1280,28,130
28,1286,108
1400,28,53
28,1457,34
1502,28,113
28,1508,23
28,1535,123
1565,28,115
28,1781,77
1832,28,57
28,1835,94
1874,28,107
1925,28,113
28,1979,84
28,1988,60
28,2033,87
2075,28,134
28,2096,123
28,2099,128
2111,28,97
2147,28,55
28,2150,134
28,2189,137
2216,28,83
2234,28,137
2279,28,89
28,2318,91
2327,28,89
28,2399,52
28,2447,76
28,2453,139
2453,28,139
2462,28,111
2468,28,54
46,29,133
217,29,92
286,29,80
364,29,79
29,385,84
29,403,70
442,29,24
511,29,126
667,29,72
29,715,58
715,29,58
733,29,76
29,742,84
784,29,130
29,829,98
29,928,109
928,29,109
1000,29,56
29,1012,110
1012,29,110
1024,29,47
29,1054,95
29,1090,46
1090,29,46
29,1204,134
29,1456,111
1468,29,59
1471,29,82
29,1480,86
1552,29,21
1585,29,123
29,1681,137
29,1708,108
29,1714,88
1714,29,88
29,1735,100
1780,29,123
1846,29,139
29,1855,86
29,1876,139
1876,29,139
29,1906,86
1921,29,68
29,1951,102
1951,29,102
2011,29,108
29,2233,132
29,2374,122
2374,29,122
46,30,100
184,30,136
196,30,118
226,30,113
30,286,19
30,364,51
364,30,51
370,30,111
30,427,121
427,30,121
30,442,73
442,30,73
460,30,139
589,30,128
30,667,78
667,30,78
30,712,138
712,30,138
30,733,62
742,30,100
30,829,5
829,30,5
30,844,119
844,30,119
871,30,134
30,988,105
1000,30,109
1012,30,104
1024,30,56
1090,30,56
30,1123,133
30,1147,108
1165,30,109
30,1204,50
1204,30,50
30,1225,107
1315,30,111
30,1405,135
30,1441,79
30,1456,83
1459,30,116
30,1468,44
1468,30,44
30,1543,71
1543,30,71
30,1552,102
1552,30,102
1579,30,122
30,1585,99
1585,30,99
30,1696,89
30,1846,52
30,1855,22
1855,30,22
1876,30,128
30,1885,135
30,1906,103
1927,30,70
30,1945,99
1945,30,99
1951,30,131
2140,30,101
30,2146,105
30,2350,74
2350,30,74
30,2476,137
31,44,105
122,31,123
140,31,135
416,31,122
482,31,61
497,31,115
31,527,55
31,590,11
31,662,69
662,31,69
31,680,92
731,31,84
31,788,110
788,31,110
821,31,140
31,842,139
881,31,111
31,914,123
917,31,105
995,31,106
31,1124,62
1124,31,62
31,1139,126
1139,31,126
31,1340,140
1340,31,140
31,1409,50
1409,31,50
31,1466,116
31,1562,103
1562,31,103
31,1577,107
1577,31,107
31,1739,97
31,1817,102
31,1841,140
31,1868,139
31,1904,64
31,2006,104
2006,31,104
31,2051,56
31,2117,49
2117,31,49
31,2219,117
31,2270,111
2270,31,111
2297,31,124
2456,31,101
40,32,75
32,289,54
32,322,61
32,346,33
32,409,117
409,32,117
32,424,141
32,484,119
32,523,89
529,32,126
32,559,35
32,565,107
580,32,94
32,688,68
688,32,68
745,32,95
775,32,54
32,832,135
883,32,74
32,1096,49
32,1099,63
1099,32,63
32,1120,55
1132,32,73
1141,32,118
1156,32,109
32,1189,78
1189,32,78
32,1201,141
1279,32,92
32,1282,22
1306,32,43
32,1312,125
32,1399,103
1453,32,45
1603,32,140
32,1624,122
32,1720,120
1720,32,120
32,1960,115
32,2149,135
32,2203,132
32,2215,66
2215,32,66
2236,32,29
32,2281,83
2281,32,83
32,2377,58
79,33,137
202,33,117
223,33,81
280,33,106
574,33,130
33,577,138
586,33,123
33,700,117
727,33,82
33,730,59
778,33,118
874,33,22
33,925,38
33,964,132
33,1009,87
1027,33,33
1057,33,84
33,1111,55
1117,33,90
33,1159,125
33,1519,115
1711,33,92
1726,33,37
1870,33,36
33,1936,31
2155,33,124
33,2224,100
2224,33,100
33,2398,121
33,2449,107
131,34,114
34,185,105
185,34,105
302,34,125
317,34,52
368,34,90
34,470,54
34,560,114
560,34,114
34,641,95
641,34,95
34,683,81
34,848,124
875,34,117
34,929,97
929,34,97
34,1133,90
1133,34,90
34,1160,77
1376,34,94
34,1490,129
1796,34,52
34,1844,103
1949,34,98
34,1958,76
34,2012,41
34,2030,127
2030,34,127
2153,34,122
34,2192,110
2276,34,45
34,2288,47
34,2324,86
2420,34,17
34,2477,61
2489,34,131
35,64,37
220,35,75
35,271,43
35,334,21
355,35,131
361,35,106
35,376,89
376,35,89
406,35,140
35,490,125
676,35,124
35,817,137
994,35,69
35,997,115
997,35,115
35,1249,112
1249,35,112
35,1327,78
35,1396,102
1396,35,102
35,1426,100
1426,35,100
35,1444,55
35,1690,131
35,1753,67
1753,35,67
1786,35,47
1789,35,120
35,1801,69
1819,35,128
1828,35,68
35,1840,50
35,1873,90
35,1942,82
1942,35,82
35,2026,103
35,2056,125
2065,35,112
35,2152,130
35,2167,22
2197,35,79
2203,35,134
2266,35,123
35,2296,120
2329,35,72
35,2371,45
2380,35,86
36,64,134
36,220,31
36,271,136
271,36,136
36,334,92
36,391,86
391,36,86
406,36,96
36,532,86
532,36,86
790,36,108
880,36,82
907,36,136
997,36,126
36,1195,111
36,1303,92
1303,36,92
36,1396,58
1486,36,139
36,1531,102
1690,36,124
36,1750,111
36,1786,94
1828,36,31
1840,36,59
1873,36,58
1888,36,135
36,1942,124
1954,36,139
2017,36,84
2029,36,58
36,2161,77
36,2167,119
2167,36,119
36,2197,139
2380,36,62
2428,36,99
37,56,78
56,37,78
37,95,136
95,37,136
272,37,50
521,37,139
575,37,55
632,37,108
37,1037,125
37,1112,127
1181,37,69
37,1217,117
1217,37,117
37,1250,125
1250,37,125
37,1271,106
1271,37,106
37,1322,68
37,1334,53
37,1337,118
1337,37,118
37,1514,91
1550,37,77
1556,37,92
1619,37,103
1625,37,34
1643,37,80
1691,37,76
37,1721,92
1802,37,105
37,1871,75
1871,37,75
1883,37,47
1967,37,116
2000,37,88
37,2009,132
37,2081,64
37,2087,34
37,2249,59
2249,37,59
2267,37,54
37,2291,55
2351,37,22
37,2387,38
64,38,53
38,88,124
88,38,124
38,220,106
220,38,106
38,271,43
38,334,72
355,38,81
38,376,85
376,38,85
38,409,135
490,38,74
529,38,140
38,565,121
565,38,121
38,580,134
38,745,133
745,38,133
38,790,134
790,38,134
817,38,88
994,38,102
38,997,74
1249,38,131
1327,38,122
1396,38,94
1426,38,129
38,1444,86
1690,38,94
1753,38,39
38,1786,98
38,1789,118
1801,38,76
38,1819,109
38,1828,94
1828,38,94
38,1840,60
1873,38,132
1942,38,35
38,1954,113
1954,38,113
38,2026,52
2026,38,52
2056,38,75
2152,38,128
2167,38,59
38,2197,28
2197,38,28
2203,38,104
38,2266,91
2266,38,91
38,2296,137
2329,38,97
2371,38,68
38,2380,76
2380,38,76
55,39,22
39,124,21
124,39,21
39,160,37
39,163,75
39,208,62
208,39,62
39,244,63
39,307,95
316,39,99
349,39,63
39,367,88
373,39,74
39,475,90
39,502,96
39,508,18
508,39,18
39,556,64
39,595,34
595,39,34
598,39,133
613,39,131
634,39,100
39,709,128
39,796,121
796,39,121
805,39,82
856,39,120
39,868,92
39,934,80
39,955,134
982,39,37
39,991,126
1063,39,73
39,1072,99
1072,39,99
1138,39,120
39,1201,127
1201,39,127
1219,39,130
1222,39,48
1252,39,121
39,1360,109
1363,39,103
1492,39,97
39,1564,130
1606,39,128
39,1729,89
39,1765,18
1765,39,18
39,1807,80
1807,39,80
1831,39,121
39,1834,65
1834,39,65
39,1972,127
39,1990,139
1990,39,139
39,1999,97
39,2080,90
2089,39,83
2179,39,78
39,2182,90
2212,39,97
2284,39,27
2320,39,65
39,2353,103
39,2401,115
2458,39,79
2494,39,100
131,40,112
224,40,110
40,245,81
245,40,81
40,305,105
581,40,63
40,614,39
614,40,39
617,40,113
740,40,56
794,40,103
899,40,68
902,40,80
905,40,97
992,40,40
998,40,131
40,1010,123
40,1073,89
40,1151,86
1151,40,86
1637,40,39
40,1682,139
1682,40,139
1772,40,126
1805,40,113
1808,40,61
1820,40,31
40,1877,116
1877,40,116
40,1931,131
2030,40,102
40,2192,114
2192,40,114
2330,40,31
40,2333,19
2333,40,19
40,2417,71
40,2435,56
2441,40,88
40,2450,71
41,193,129
41,217,61
217,41,61
41,286,111
364,41,106
385,41,71
41,403,58
41,442,53
442,41,53
41,511,98
667,41,93
41,715,36
41,733,101
733,41,101
41,742,100
742,41,100
784,41,102
41,829,129
829,41,129
41,838,125
928,41,78
41,1000,64
1000,41,64
41,1012,129
1012,41,129
41,1024,75
1024,41,75
1054,41,69
1090,41,75
1171,41,114
41,1456,134
41,1468,89
41,1471,70
1480,41,65
1552,41,31
41,1681,119
1708,41,107
41,1714,68
1714,41,68
1735,41,98
1780,41,105
41,1810,130
41,1855,117
41,1906,101
41,1921,48
1921,41,48
41,1951,110
41,1966,135
2011,41,78
41,2032,121
2233,41,133
41,2374,91
55,42,91
42,124,80
42,160,102
163,42,135
42,193,139
42,208,98
208,42,98
238,42,82
42,244,109
298,42,138
307,42,132
42,316,47
42,337,99
42,349,119
367,42,88
373,42,106
42,448,125
469,42,125
508,42,85
42,556,88
556,42,88
42,595,51
42,634,67
709,42,136
42,763,93
763,42,93
42,796,82
42,805,101
42,826,126
826,42,126
856,42,57
877,42,80
42,934,72
955,42,72
42,982,75
982,42,75
985,42,92
1063,42,119
1072,42,131
42,1126,84
42,1138,72
42,1198,110
42,1210,118
42,1222,46
42,1363,130
1363,42,130
1492,42,66
1564,42,63
42,1588,116
42,1606,84
42,1765,87
42,1780,140
1780,42,140
42,1807,81
1807,42,81
42,1831,129
1834,42,119
1924,42,114
42,1972,68
42,2014,138
2089,42,106
2179,42,34
2251,42,109
42,2284,95
42,2320,62
2338,42,116
42,2458,123
2458,42,123
2479,42,97
131,43,76
185,43,125
43,245,95
245,43,95
293,43,136
302,43,63
305,43,141
43,317,104
470,43,120
43,569,76
569,43,76
43,581,101
599,43,100
43,641,123
641,43,123
43,683,118
43,689,69
43,740,131
43,794,114
794,43,114
848,43,39
43,902,104
905,43,91
998,43,81
43,1073,102
1133,43,84
43,1160,41
43,1220,136
43,1376,95
43,1490,120
1544,43,141
1682,43,112
1796,43,109
43,1820,134
43,1844,19
1958,43,23
43,2012,95
2030,43,63
43,2192,66
2192,43,66
43,2276,90
2276,43,90
2288,43,40
43,2420,83
2420,43,83
2435,43,108
43,2477,37
2489,43,141
44,118,107
136,44,51
44,145,65
439,44,66
44,535,36
544,44,85
586,44,135
601,44,128
44,616,78
625,44,127
847,44,102
850,44,88
44,901,134
940,44,82
44,1036,64
1357,44,63
44,1381,25
44,1429,87
44,1432,43
44,1450,74
1534,44,123
44,1555,107
44,1795,140
44,1864,79
1891,44,95
44,2137,24
2332,44,136
2341,44,135
2362,44,41
46,45,99
45,193,108
286,45,136
337,45,41
45,352,107
352,45,107
45,364,105
45,385,59
45,403,65
403,45,65
45,442,129
45,448,32
448,45,32
460,45,100
469,45,102
45,634,100
634,45,100
655,45,100
45,667,77
712,45,105
45,742,56
45,772,115
772,45,115
45,784,126
838,45,141
45,877,75
45,892,81
892,45,81
985,45,131
45,1000,60
1054,45,100
45,1090,107
1126,45,57
1138,45,76
45,1198,90
45,1459,137
1480,45,84
45,1552,134
1552,45,134
1564,45,134
45,1579,107
1579,45,107
1588,45,82
1708,45,10
45,1735,20
1735,45,20
45,1780,73
1807,45,136
1810,45,131
45,1876,73
45,2251,63
2320,45,139
2338,45,111
46,134,128
134,46,128
46,152,123
155,46,91
158,46,57
46,275,70
275,46,70
46,401,28
425,46,110
461,46,92
46,467,123
467,46,123
46,488,80
488,46,80
46,491,17
536,46,91
545,46,74
46,551,120
46,566,105
46,653,66
653,46,66
46,692,117
746,46,113
46,761,99
46,818,26
46,827,115
827,46,115
46,857,105
857,46,105
887,46,137
46,944,91
989,46,136
46,1049,129
1049,46,129
46,1076,114
46,1097,39
1154,46,15
1232,46,90
46,1256,103
1289,46,126
1307,46,58
1430,46,115
46,1442,78
46,1448,112
1448,46,112
46,1451,139
1451,46,139
46,1505,32
1553,46,139
46,1559,90
46,1595,107
1664,46,105
46,1667,138
1700,46,108
46,1757,107
1757,46,107
46,1847,72
46,1886,121
1973,46,77
46,1997,108
46,2021,15
2063,46,110
2180,46,48
46,2183,136
46,2258,84
2264,46,96
46,2321,98
2321,46,98
2354,46,56
46,2390,76
46,2405,107
46,2498,138
47,52,40
47,94,133
47,97,134
47,103,90
130,47,25
214,47,83
47,394,44
394,47,44
47,397,35
526,47,50
47,568,69
568,47,69
47,643,44
643,47,44
679,47,52
682,47,36
47,697,124
703,47,66
47,814,130
47,859,80
47,919,81
976,47,81
979,47,129
47,1003,62
1003,47,62
47,1018,25
47,1129,103
1129,47,103
47,1246,123
47,1321,129
47,1348,67
1369,47,90
1408,47,53
47,1411,57
47,1420,72
47,1435,10
1435,47,10
47,1477,131
1513,47,129
47,1525,95
1525,47,95
47,1591,108
1615,47,16
47,1621,131
47,1669,75
47,1699,101
47,1762,91
47,1843,30
47,1879,112
47,1903,122
47,1915,107
47,1933,105
2005,47,33
47,2128,18
47,2158,73
47,2164,73
47,2239,100
2347,47,133
47,2383,56
2383,47,56
47,2395,116
47,2407,51
2407,47,51
48,58,65
85,48,65
48,127,19
48,151,63
151,48,63
178,48,61
48,235,18
292,48,133
48,400,51
400,48,51
48,451,93
48,463,119
478,48,60
48,493,101
48,505,62
505,48,62
48,649,91
721,48,70
48,766,89
832,48,122
898,48,99
1078,48,107
48,1156,131
48,1231,137
1243,48,89
1270,48,36
48,1324,111
1366,48,44
1375,48,116
1447,48,62
1603,48,105
48,1624,140
1624,48,140
48,1657,55
1720,48,104
1804,48,74
48,1960,97
48,2071,64
2092,48,95
2107,48,68
2131,48,127
48,2149,91
2173,48,55
2263,48,75
48,2281,129
48,2299,72
48,2314,138
2314,48,138
107,49,112
125,49,69
49,254,42
254,49,42
49,269,124
587,49,95
596,49,68
49,719,97
49,869,51
869,49,51
896,49,121
49,920,93
920,49,93
1025,49,30
1070,49,94
1166,49,21
49,1247,19
49,1388,105
49,1439,128
1496,49,46
49,1541,78
1541,49,78
49,1589,129
1592,49,84
1628,49,108
1640,49,134
49,1715,115
1715,49,115
2015,49,112
2045,49,101
2069,49,79
49,2123,129
2123,49,129
49,2186,5
49,2228,108
2357,49,130
2492,49,85
50,175,139
199,50,70
50,205,53
205,50,53
50,262,136
331,50,135
445,50,31
50,472,74
50,802,139
808,50,45
50,811,124
811,50,124
50,949,109
50,1033,118
1033,50,118
50,1075,59
50,1144,140
50,1177,27
1207,50,41
1258,50,131
50,1528,68
1600,50,14
50,1693,107
1741,50,91
50,1894,95
50,1897,139
50,2119,24
2119,50,24
50,2143,119
50,2170,46
2170,50,46
2206,50,91
2257,50,140
2431,50,110
50,2443,13
2443,50,13
50,2488,62
2488,50,62
106,51,129
51,148,7
51,169,7
51,256,57
51,283,89
51,343,101
382,51,105
415,51,88
51,433,130
487,51,88
51,520,98
520,51,98
562,51,68
51,604,100
51,619,45
51,622,108
628,51,109
51,631,20
51,724,134
51,748,25
799,51,97
51,886,72
967,51,78
1006,51,89
51,1015,20
51,1066,69
1066,51,69
51,1069,139
51,1153,71
51,1402,134
51,1495,98
51,1501,119
51,1507,105
1510,51,56
1546,51,137
1597,51,81
1609,51,76
51,1627,101
1627,51,101
1633,51,86
51,1654,131
51,1663,111
1663,51,111
51,1675,133
1738,51,86
51,1777,125
51,1825,23
51,1867,40
1867,51,40
51,1882,140
1882,51,140
1900,51,93
2098,51,61
2125,51,37
2134,51,123
51,2245,47
51,2335,105
2335,51,105
51,2410,77
2410,51,77
2440,51,140
51,2464,135
2485,51,76
2491,51,83
52,206,140
206,52,140
52,284,129
52,335,114
356,52,54
359,52,140
449,52,111
52,464,136
52,563,81
632,52,26
755,52,66
830,52,62
52,908,126
908,52,126
926,52,68
52,938,60
1037,52,48
1112,52,9
1181,52,141
52,1205,35
52,1217,34
1217,52,34
1235,52,59
1259,52,133
1322,52,66
1334,52,80
52,1337,44
1352,52,82
1370,52,100
52,1418,106
1418,52,106
52,1493,80
1493,52,80
1514,52,133
52,1526,91
1526,52,91
52,1580,59
52,1619,116
52,1622,97
52,1625,99
1625,52,99
1691,52,66
52,1766,72
1850,52,136
52,1883,86
52,1928,76
52,1967,14
2048,52,111
52,2081,96
52,2249,70
2267,52,77
52,2282,129
2282,52,129
2342,52,141
53,55,129
67,53,49
53,163,74
53,166,86
277,53,69
53,307,34
53,349,73
349,53,73
53,373,60
436,53,106
469,53,109
53,475,77
499,53,66
53,502,124
53,508,136
508,53,136
517,53,88
53,538,58
556,53,77
595,53,118
53,598,44
613,53,6
634,53,125
53,646,141
655,53,130
670,53,104
53,805,64
53,892,141
892,53,141
53,1042,54
1072,53,34
53,1219,17
1219,53,17
53,1222,119
53,1240,79
1240,53,79
53,1252,117
1294,53,64
1360,53,114
53,1378,102
1378,53,102
53,1393,131
1504,53,115
1537,53,114
1576,53,130
53,1588,127
1678,53,121
53,1729,115
53,1765,131
1765,53,131
53,1807,89
1807,53,89
53,1831,61
1831,53,61
53,1834,69
1834,53,69
53,1852,104
1984,53,88
53,1990,11
1996,53,138
1999,53,113
2080,53,91
53,2089,59
53,2116,111
2116,53,111
53,2122,92
2122,53,92
53,2182,129
2182,53,129
2188,53,67
53,2212,82
2284,53,136
2320,53,104
53,2365,126
53,2401,90
2401,53,90
136,54,97
145,54,103
54,439,44
535,54,89
54,544,104
544,54,104
610,54,106
616,54,47
54,625,81
54,739,125
739,54,125
847,54,58
850,54,27
54,901,64
901,54,64
54,940,57
940,54,57
1036,54,121
1174,54,115
1351,54,93
54,1357,54
1381,54,85
54,1384,130
1384,54,130
1429,54,31
54,1432,84
54,1450,113
54,1534,140
1540,54,92
1555,54,105
1642,54,115
1795,54,132
54,1864,41
1948,54,55
54,2038,121
54,2062,84
54,2074,137
54,2137,106
54,2218,128
54,2230,129
2260,54,122
54,2332,87
2341,54,52
2362,54,114
54,2425,110
101,55,124
55,164,114
164,55,114
281,55,20
293,55,137
299,55,86
55,389,141
55,398,125
410,55,119
452,55,72
55,476,127
503,55,128
55,584,125
55,860,17
860,55,17
55,890,103
55,923,134
950,55,104
55,1067,116
55,1088,133
55,1091,74
1169,55,133
55,1184,104
1184,55,104
55,1208,124
1208,55,124
55,1241,137
55,1331,89
55,1355,121
55,1424,30
1424,55,30
55,1436,82
55,1487,126
1538,55,117
1547,55,125
55,1586,80
55,1655,107
1790,55,135
55,1811,133
55,1856,91
1856,55,91
1892,55,9
55,1922,45
55,2027,126
2036,55,73
55,2108,99
2108,55,99
55,2156,92
2204,55,19
2237,55,70
55,2273,124
55,2285,64
2285,55,64
55,2294,124
2315,55,55
55,2402,126
2411,55,70
2486,55,136
61,56,105
56,142,60
56,166,129
56,265,111
56,310,138
310,56,138
436,56,137
454,56,115
56,553,38
583,56,72
56,646,83
757,56,41
56,793,54
823,56,128
56,979,119
56,1048,106
1048,56,106
1135,56,129
56,1246,120
56,1285,42
56,1297,131
1504,56,114
56,1522,85
56,1591,137
1591,56,137
56,1621,133
1630,56,40
56,1678,90
1678,56,90
56,1747,107
1759,56,93
1852,56,102
56,1984,137
56,1987,127
1987,56,127
2254,56,133
2302,56,60
2365,56,75
2482,56,90
57,58,82
58,57,82
85,57,81
57,127,35
57,151,76
178,57,46
235,57,35
292,57,121
400,57,56
57,451,99
57,463,108
57,478,72
493,57,86
57,505,46
57,649,108
721,57,86
57,766,75
57,832,138
832,57,138
898,57,82
1078,57,97
57,1243,73
57,1270,36
1270,57,36
57,1324,106
57,1366,39
57,1375,100
1375,57,100
57,1447,78
1447,57,78
57,1603,114
57,1657,71
57,1702,129
1720,57,121
57,1804,77
1909,57,131
1960,57,112
2071,57,53
2086,57,131
2092,57,82
2107,57,84
57,2131,111
2149,57,108
57,2173,41
57,2263,92
2299,57,64
57,2314,128
2314,57,128
58,131,17
58,245,48
58,302,134
317,58,76
470,58,97
58,569,139
581,58,81
689,58,133
740,58,79
58,794,133
794,58,133
58,848,96
58,902,107
905,58,105
58,998,118
998,58,118
1073,58,111
1133,58,22
58,1160,107
1160,58,107
1376,58,30
58,1637,94
1796,58,82
1820,58,98
58,1844,72
1844,58,72
1958,58,52
2012,58,130
2030,58,46
58,2192,20
58,2276,67
2288,58,80
58,2330,132
2420,58,107
58,2435,86
58,2477,51
59,70,23
59,82,136
59,100,48
100,59,48
59,112,116
112,59,116
211,59,121
781,59,88
787,59,66
910,59,97
59,1051,85
1069,59,139
59,1081,128
59,1150,117
59,1192,109
59,1489,73
1489,59,73
1516,59,119
59,1558,114
1660,59,138
59,1882,133
59,1918,114
1978,59,26
59,2044,96
2044,59,96
2068,59,78
59,2209,4
59,2275,85
2275,59,85
2278,59,127
59,2323,121
2323,59,121
59,2392,98
2437,59,130
59,2461,133
60,94,128
60,103,25
60,130,103
394,60,116
60,397,114
526,60,68
60,577,86
60,643,89
652,60,117
679,60,51
60,682,115
682,60,115
700,60,112
60,703,130
703,60,130
60,778,116
919,60,77
60,1003,57
1009,60,138
1018,60,101
60,1288,116
60,1348,141
1348,60,141
1369,60,104
1408,60,118
60,1411,35
60,1420,136
1435,60,86
60,1477,51
1513,60,84
60,1519,137
1615,60,70
1669,60,51
60,1699,24
1699,60,24
60,1762,91
60,1843,79
1843,60,79
1879,60,128
60,1915,63
2005,60,69
2128,60,98
2158,60,59
2164,60,128
60,2383,100
60,2395,105
2395,60,105
60,2407,83
77,61,66
61,149,69
61,164,136
197,61,73
326,61,21
61,332,46
332,61,46
61,338,70
338,61,70
61,443,49
61,521,96
728,61,118
812,61,74
61,893,22
61,947,85
61,953,126
953,61,126
1061,61,73
61,1136,80
1136,61,80
1169,61,92
1226,61,64
1241,61,96
61,1271,77
1295,61,49
1325,61,85
61,1331,135
61,1358,112
1358,61,112
61,1421,116
61,1544,132
1550,61,124
1556,61,119
1574,61,41
61,1643,113
1643,61,113
61,1655,117
1655,61,117
61,1721,136
61,1802,77
1802,61,77
1823,61,127
1964,61,43
61,2084,71
2084,61,71
2120,61,90
2210,61,12
2240,61,60
2291,61,129
61,2312,108
2438,61,38
62,73,108
133,62,115
172,62,99
62,217,86
62,241,53
241,62,53
259,62,137
62,511,41
62,661,60
62,664,111
664,62,111
62,715,98
62,769,100
784,62,137
62,853,111
853,62,111
62,865,85
865,62,85
62,895,112
928,62,87
970,62,131
62,1054,139
1054,62,139
62,1162,127
62,1171,63
1171,62,63
62,1228,106
1228,62,106
1471,62,88
62,1498,122
1552,62,139
1681,62,40
1714,62,70
1774,62,95
1792,62,113
1912,62,136
1921,62,88
62,1930,97
62,1951,141
1963,62,134
62,1966,20
62,2002,83
2002,62,83
62,2011,74
2011,62,74
62,2032,21
2032,62,21
2053,62,119
2227,62,128
62,2233,125
62,2242,102
2374,62,86
2413,62,100
63,109,48
63,181,141
181,63,141
190,63,74
63,220,139
259,63,137
391,63,93
63,406,60
406,63,60
63,532,93
63,658,94
664,63,125
63,676,135
63,754,48
754,63,48
63,811,132
811,63,132
63,862,136
63,880,112
880,63,112
931,63,92
946,63,60
63,961,79
970,63,108
63,1093,84
1093,63,84
63,1102,66
63,1162,110
63,1195,102
1195,63,102
1237,63,131
63,1264,96
63,1339,82
1339,63,82
63,1387,26
63,1390,61
1423,63,107
1531,63,59
63,1723,139
63,1786,134
1813,63,109
63,1822,19
63,1849,95
63,1873,104
63,2008,80
63,2020,131
63,2050,42
2065,63,123
2083,63,18
63,2200,74
63,2221,135
2242,63,134
2269,63,123
63,2311,137
2311,63,137
63,2404,52
2404,63,52
63,2428,78
2434,63,84
2455,63,27
2497,63,140
64,80,54
104,64,135
116,64,64
64,233,139
233,64,139
239,64,127
64,248,54
248,64,54
64,347,10
64,446,71
446,64,71
485,64,108
64,647,96
647,64,96
698,64,108
64,701,6
713,64,57
64,806,50
64,980,84
980,64,84
1004,64,139
1043,64,58
64,1127,73
1127,64,73
1196,64,77
64,1268,140
64,1292,125
64,1313,12
64,1346,100
1406,64,12
64,1412,107
64,1454,86
64,1469,32
1529,64,135
64,1532,130
1532,64,130
64,1568,115
1568,64,115
64,1610,129
1631,64,97
64,1634,48
64,1697,138
1709,64,95
64,1862,131
1880,64,46
64,1934,54
64,2060,106
2060,64,106
2102,64,138
64,2132,63
2132,64,63
2198,64,99
64,2222,104
64,2300,88
2423,64,109
64,2426,8
64,2429,121
2480,64,76
65,136,77
65,145,101
145,65,101
65,439,28
65,535,70
65,544,83
65,610,125
616,65,26
65,625,95
739,65,119
65,847,39
850,65,6
65,901,55
65,922,125
65,940,61
1036,65,117
65,1174,135
65,1351,113
65,1357,35
1357,65,35
1381,65,69
65,1429,36
65,1432,77
1432,65,77
65,1450,92
1450,65,92
65,1540,105
65,1555,112
65,1642,125
1642,65,125
65,1864,42
65,1948,67
1948,65,67
65,2038,133
65,2062,104
2062,65,104
65,2074,134
65,2137,95
65,2218,130
2260,65,109
2332,65,102
65,2341,49
2362,65,95
65,2425,130
2425,65,130
66,148,53
66,169,51
169,66,51
256,66,100
283,66,133
325,66,121
66,343,51
382,66,100
66,415,119
66,430,122
430,66,122
66,433,77
66,487,107
562,66,115
604,66,48
619,66,47
66,628,125
631,66,37
66,724,93
66,748,54
748,66,54
66,799,65
820,66,112
66,886,121
967,66,37
1006,66,136
1015,66,42
1066,66,15
1153,66,125
66,1309,124
1309,66,124
1336,66,125
66,1402,83
1402,66,83
66,1465,126
1465,66,126
66,1495,132
66,1507,55
1507,66,55
66,1510,100
1546,66,81
66,1549,124
66,1597,135
1609,66,132
1627,66,54
66,1675,101
1738,66,46
66,1777,98
1825,66,78
66,1867,57
1867,66,57
66,2098,79
2098,66,79
66,2125,57
66,2134,138
66,2245,102
66,2410,23
2410,66,23
2416,66,118
2440,66,91
2446,66,119
2485,66,112
2491,66,93
67,71,53
95,67,65
67,128,41
128,67,41
164,67,117
67,176,34
284,67,101
67,335,127
67,359,101
67,410,82
67,425,110
67,449,134
67,464,100
464,67,100
67,467,72
467,67,72
67,476,94
476,67,94
67,521,141
545,67,114
67,566,128
584,67,122
605,67,39
67,692,70
692,67,70
827,67,71
67,854,29
854,67,29
67,890,128
908,67,102
67,944,110
1181,67,129
67,1184,112
67,1208,119
1250,67,76
1256,67,115
67,1397,18
67,1442,140
67,1451,67
1451,67,67
1514,67,109
1586,67,94
1595,67,107
1619,67,111
67,1661,89
67,1721,126
1790,67,44
1811,67,43
1826,67,139
1850,67,92
67,1856,98
1856,67,98
1865,67,35
67,1871,126
67,1895,50
1895,67,50
1955,67,78
1973,67,115
67,2000,112
2009,67,78
67,2048,129
67,2258,132
67,2273,117
2273,67,117
67,2294,93
2294,67,93
67,2315,121
67,2321,94
2321,67,94
67,2444,20
2444,67,20
67,2486,57
68,103,107
223,68,116
68,574,44
574,68,44
577,68,82
68,679,139
700,68,99
68,730,104
68,778,48
68,874,141
68,1003,138
1009,68,103
68,1057,79
1057,68,79
1111,68,115
1159,68,55
68,1288,15
68,1411,136
68,1477,53
68,1513,134
1513,68,134
68,1519,136
68,1669,123
1699,68,81
68,1870,136
1915,68,129
68,2449,98
2449,68,98
69,148,53
148,69,53
69,169,55
69,256,46
69,343,123
343,69,123
415,69,49
433,69,116
69,520,137
520,69,137
562,69,121
604,69,119
69,619,26
619,69,26
622,69,139
631,69,60
748,69,35
799,69,135
886,69,122
69,916,136
916,69,136
69,967,108
69,1006,78
69,1015,47
1066,69,75
1153,69,85
1402,69,115
1507,69,90
69,1510,46
69,1546,139
1546,69,139
1597,69,90
69,1609,98
1609,69,98
1627,69,84
69,1633,117
69,1738,118
69,1825,60
1867,69,21
1900,69,99
69,2098,7
2098,69,7
69,2125,23
69,2245,91
2245,69,91
69,2410,94
2410,69,94
2485,69,44
69,2491,139
107,70,94
70,200,74
353,70,90
70,386,134
386,70,134
70,407,122
70,524,73
524,70,73
70,548,36
587,70,98
70,719,95
776,70,33
70,959,98
959,70,98
1052,70,133
70,1070,99
1070,70,99
1388,70,109
70,1439,70
70,1541,127
1589,70,104
1592,70,107
1628,70,103
70,1640,82
1640,70,82
1688,70,40
70,1736,56
70,1793,137
2045,70,113
2123,70,115
70,2228,111
2228,70,111
71,115,119
71,157,79
71,166,112
166,71,112
71,268,112
277,71,56
71,307,127
307,71,127
71,352,111
412,71,79
71,460,129
71,469,118
71,499,93
499,71,93
71,517,82
71,538,70
71,598,84
613,71,96
655,71,108
670,71,35
71,697,127
71,712,127
712,71,127
71,772,100
772,71,100
71,805,136
